 sp =            4
 dp =            8
 qp =           16
 
 a =   0.333333343    
 b =   0.33333334326744080     
 c =   0.333333343267440795898437500000000000      
 
 x =   0.333333343    
 y =   0.33333333333333331     
 z =   0.333333333333333333333333333333333317      
 
 pi    =    3.14159265358979323846264338327950288... (real value)
 pi_sp =    3.14159274    
 pi_dp =    3.1415927410125732     
 pi_qp =    3.14159274101257324218750000000000000      
 
 sp_sp =   0.333333343    
 sp_dp =   0.333333343     Change of value in conversion from 'REAL(8)' to 'REAL(4)'
 sp_qp =   0.333333343     Change of value in conversion from 'REAL(16)' to 'REAL(4)'
 
 dp_sp =   0.33333334326744080     
 dp_dp =   0.33333333333333331     
 dp_qp =   0.33333333333333331      Change of value in conversion from 'REAL(16)' to 'REAL(8)'
 
 qp_sp =   0.333333343267440795898437500000000000      
 qp_dp =   0.333333333333333314829616256247390993      
 qp_qp =   0.333333333333333333333333333333333317      
